Target,MAE,MSE,MAE_Exact,Weekly_ROI,Week_Forecast
0.45588,1.2440483235613553,2.9746332439148233,1.5376183823732743,"[-0.6760442, -1.6997628, -0.70676756, -1.1174953, -0.7019913, -0.2871682, 0.19104832, 1.1068352, 0.520238, 0.57120097, 0.76344526, 0.57468146, 0.87741864, 0.7755523, 0.9516579, 1.0220561, 0.911458, 1.0019889, 0.9008941, 0.8744225, 0.85759664, 0.7999115, 0.81487805, 0.78193617, 0.77433765, 0.7712687, 0.73848826, 0.7309866, 0.70168763, 0.6781199, 0.65828747, 0.62999386, 0.6138908, 0.59225214, 0.5738906, 0.55847836, 0.539477, 0.5243936, 0.50685835, 0.48972026, 0.47351766, 0.45588008]",[3.644295  2.5777464 2.936639  ... 2.7615287 3.331403  0.7014714]
1.10179,1.2259503426578928,2.9510199839686213,1.4914154843224523,"[-0.09528429, -0.079681076, -0.10409513, -0.025536934, 0.54113156, -0.16039196, -0.6333343, -0.24522832, -0.03823243, -0.4114392, -0.21860476, 0.058181323, -0.0016968697, -0.0013420656, 0.091011934, 0.20145091, 0.017325839, 0.14208357, 0.22446279, 0.2854061, 0.31022486, 0.34976393, 0.42945912, 0.44370666, 0.49042293, 0.5066351, 0.53378004, 0.5608091, 0.58508176, 0.62296075, 0.6552493, 0.6962852, 0.73615974, 0.7781779, 0.8207239, 0.860873, 0.9018875, 0.9410831, 0.9808735, 1.0204381, 1.0605481, 1.1017894]",[3.5287964 2.9559722 2.7615585 ... 3.0958176 3.504018  0.284375 ]
-0.73544,1.2635239308092854,3.1125670954912947,1.6126903501107035,"[-0.9301443, -1.1706939, -1.171556, -1.3164972, -1.2085614, -1.1528666, -0.8764928, -0.42498168, -0.644811, -0.4628021, -0.38543907, -0.3742914, -0.20795305, -0.299963, -0.2815278, -0.24196158, -0.32160583, -0.27563223, -0.31782243, -0.3416727, -0.34396702, -0.37825254, -0.3700357, -0.40408048, -0.41746113, -0.4309999, -0.46210554, -0.46840304, -0.49506155, -0.5142326, -0.5317392, -0.5566215, -0.5708233, -0.5947883, -0.61221236, -0.63037694, -0.65174246, -0.6664941, -0.68630725, -0.7025039, -0.7184743, -0.7354414]",[3.6944475  2.6359704  2.5867538  ... 2.789814   3.7071872  0.43170208]
0.34783,1.2020350297455553,2.8704352749015034,1.5479016499226088,"[-1.1254134, -0.37728986, -0.16032578, -0.908429, -0.8753068, -0.59768325, -0.02736285, 0.05323872, 0.2905386, 0.5566369, 0.37176093, 0.43242037, 0.3951439, 0.34181708, 0.35150993, 0.17633636, 0.29175738, 0.2858552, 0.29079464, 0.3060892, 0.30459443, 0.30747658, 0.30293438, 0.30780768, 0.30090898, 0.31275028, 0.31554112, 0.31650868, 0.32120183, 0.32242972, 0.32509965, 0.32710916, 0.33017796, 0.33154336, 0.3343024, 0.33661953, 0.3383056, 0.34060693, 0.3423992, 0.34426457, 0.34602773, 0.34783283]","[ 3.7124927   2.6271365   2.8747616  ...  2.9861953   3.798054
 -0.32863462]"
-0.5068,1.26131110522406,3.060517484935458,1.647722026403123,"[-1.1849606, -1.0954634, -1.2726947, -1.1611159, -0.843277, -0.16594693, 0.4945822, 0.63811356, 0.2906106, 0.4724759, 0.2928912, 0.2401293, 0.10951788, 0.041259617, -0.022786673, -0.036253348, 0.0030579492, 0.026703337, -0.1207448, -0.027963465, -0.09895485, -0.119265184, -0.1632352, -0.19213584, -0.19761172, -0.22849718, -0.25877044, -0.2759552, -0.30274045, -0.31870878, -0.35150284, -0.36909083, -0.38593632, -0.40301922, -0.4197214, -0.43550622, -0.44797546, -0.46061078, -0.47481126, -0.4863235, -0.49751055, -0.50679594]",[3.6604807  2.6786766  2.9091077  ... 3.0067081  3.100263   0.33472726]
-1.27076,1.286444174480004,3.118378746134849,1.7262731245860103,"[-1.0662035, -1.1742911, -0.56898856, 0.14048374, 0.12539603, -0.019784924, 0.20078996, -0.3786512, -1.0264544, -1.1578414, -1.0075189, -1.1391842, -0.9461756, -0.96552336, -0.9635203, -0.97526175, -0.7982094, -0.8060592, -0.959235, -0.9549301, -0.956428, -1.0422183, -0.99567825, -1.0282086, -1.0694166, -1.1097311, -1.0761403, -1.0791124, -1.1373544, -1.1268882, -1.1332948, -1.1808355, -1.1691985, -1.1813856, -1.2038952, -1.2254233, -1.2220782, -1.226611, -1.2529665, -1.2476854, -1.2496684, -1.2707556]",[3.4140942  2.6940897  2.691418   ... 3.012586   3.4717143  0.11898572]
-0.66086,1.2712573407188466,3.065721143007621,1.6779502398375568,"[0.29954287, -0.508597, -0.9857441, -0.1344316, 0.1129258, -0.47722802, -0.3162809, -0.36327755, -1.124877, -1.0337956, -0.95744133, -1.1435786, -1.2836614, -1.0770565, -0.9087931, -1.0404689, -1.0718923, -0.98682547, -1.0617412, -1.0498536, -1.0464431, -1.040182, -1.0311103, -0.9867133, -0.93113375, -0.93757623, -0.9142559, -0.8743635, -0.86603767, -0.8534407, -0.8422288, -0.8214042, -0.80588734, -0.7883422, -0.76601404, -0.7535564, -0.73471063, -0.7157664, -0.70203686, -0.6888066, -0.6759936, -0.66085905]",[3.559423  2.8040202 2.5391483 ... 3.2970166 3.339024  0.3318008]
-2.84367,1.2658443426197583,3.1119706380423207,1.634996959088374,"[-1.2246052, -1.2214247, -1.3678902, -0.45186138, -0.090889744, -0.15706682, -0.76857084, -0.09089206, 0.057955027, 0.1020488, 0.14285134, -0.27781925, -0.5732999, -0.45975137, -0.73732847, -0.7420688, -0.90485024, -0.83298135, -0.91132754, -0.9796008, -1.0583646, -1.0973835, -1.3111421, -1.3498935, -1.5012691, -1.5812424, -1.7388616, -1.8085332, -1.938222, -2.0154033, -2.147454, -2.1910548, -2.3116279, -2.367526, -2.4633224, -2.5071664, -2.599134, -2.6385503, -2.7143738, -2.746114, -2.8181803, -2.8436682]",[3.4092822  2.5955808  2.7373908  ... 3.2574706  3.192183   0.27044597]
-0.61161,1.2413362307508988,2.9881109677865827,1.7158019831241824,"[-0.33995807, -0.4169893, -0.0012551453, 0.44217128, 0.5970927, 0.9528589, 0.89033854, 0.39784136, 0.49961814, 0.765938, 0.65989673, 0.78290766, 0.69664013, 0.646812, 0.6723486, 0.5924031, 0.5393817, 0.52811146, 0.4733009, 0.43780813, 0.39972588, 0.34756815, 0.30781457, 0.2655707, 0.21939692, 0.16889857, 0.1189697, 0.0647436, -0.001109058, -0.061624765, -0.13434634, -0.16510178, -0.18369089, -0.20502569, -0.24254662, -0.30974832, -0.37111712, -0.42902628, -0.47429374, -0.52294075, -0.57062095, -0.61161333]",[3.6249971 2.5550196 2.9204254 ... 3.3783998 3.3090358 0.8083506]
0.46522,1.222801840417067,2.9110869631933327,1.6174426818097276,"[0.21547358, 0.3236497, 0.31297994, 0.62874347, 0.79623985, 1.1424187, 1.4886395, 1.3442885, 0.9917679, 0.9222248, 1.2040733, 1.1508483, 1.1439689, 1.1529608, 1.0982397, 1.0796325, 1.0954324, 1.0614134, 1.003589, 0.9883093, 0.9720232, 0.9326114, 0.91176647, 0.8870348, 0.8526797, 0.8271768, 0.80504274, 0.77599674, 0.74855447, 0.72587305, 0.70048785, 0.6752227, 0.6530737, 0.6298923, 0.6065624, 0.58524257, 0.5641918, 0.5428953, 0.52277225, 0.50333184, 0.4838944, 0.46521944]",[3.6943545 2.8393428 2.7772074 ... 3.2691922 3.5957403 0.4199803]
-2.75184,1.2650318262168496,3.054345375539662,1.7218915033992468,"[-0.7593137, -0.9111341, -1.4887187, -0.6060848, -0.86603904, -1.5950704, -1.5913988, -1.6987838, -2.226921, -2.2406301, -2.2886264, -2.4011006, -2.522109, -2.2798684, -2.3337717, -2.3366482, -2.2201045, -2.17995, -2.2657495, -2.2295525, -2.296959, -2.3465137, -2.3973298, -2.4089084, -2.4741917, -2.496593, -2.5095675, -2.5205946, -2.5518281, -2.5501053, -2.5771625, -2.5923622, -2.611342, -2.6279655, -2.6544132, -2.6670399, -2.6852696, -2.6991556, -2.7166705, -2.7259786, -2.7411597, -2.7518437]",[3.7746282 2.652205  2.914825  ... 2.564388  3.5223112 1.0203449]
-1.30107,1.222109440720342,2.9420987041667224,1.4425338954831617,"[0.04369806, -0.53025126, -1.5783995, -1.5476545, -1.2777202, -0.9195705, -0.8239847, -0.9238365, -1.2392043, -1.1907624, -1.0738652, -1.3233219, -1.3956137, -1.2776065, -1.2910396, -1.3060575, -1.2957232, -1.2907679, -1.2964197, -1.3016766, -1.3027707, -1.3178506, -1.3178287, -1.307443, -1.3142425, -1.3151287, -1.3092341, -1.309865, -1.3106146, -1.3096507, -1.3092257, -1.3091378, -1.3083223, -1.3070686, -1.3067676, -1.3058772, -1.3045228, -1.3040317, -1.3033648, -1.3023939, -1.3017337, -1.3010708]",[3.5072193 2.7537892 2.546194  ... 3.215087  3.023169  0.6452183]
-0.57551,1.2394691026889275,2.9983651076736497,1.5819181511432527,"[-1.0492809, -1.278774, -0.99856037, -1.4017168, -1.8053043, -1.6544033, -1.0005944, -0.8418679, -0.67251754, -0.7482085, -0.6569222, -0.5689255, -0.460831, -0.49345523, -0.4179785, -0.4072116, -0.388613, -0.401302, -0.3823436, -0.40768713, -0.3829428, -0.41209918, -0.40784836, -0.42602918, -0.42451254, -0.44693372, -0.4419303, -0.46626666, -0.46406773, -0.48253372, -0.48441744, -0.50104743, -0.5016376, -0.5188384, -0.5190301, -0.5340188, -0.5359374, -0.54857206, -0.5507012, -0.5627855, -0.56434023, -0.57550853]","[ 3.727521    2.6908205   3.029411   ...  2.311984    3.3133273
 -0.03019558]"
-1.40981,1.264564925596315,3.0824287023587096,1.6932177275185787,"[-0.03257188, 0.54295367, -0.105603084, 0.25618434, 1.2095486, 1.3119612, 0.9252269, 0.93195444, 0.4099935, 0.3291139, 0.27193543, 0.20576896, 0.012929525, 0.22071701, 0.24350476, 0.26160872, 0.15093447, 0.115643844, 0.03949267, 0.012997676, -0.034662493, -0.088055946, -0.09864354, -0.14737652, -0.21841748, -0.29888675, -0.3637816, -0.43924275, -0.51784456, -0.5919698, -0.6753257, -0.754851, -0.84130675, -0.9294215, -1.0170426, -1.0976884, -1.1674562, -1.2325522, -1.2870061, -1.3350943, -1.3758208, -1.409807]",[3.4709814  2.8142955  2.59171    ... 2.6548107  3.656441   0.48461464]
-2.04667,1.2472164348430892,3.0408872513092082,1.576646241279076,"[-0.36421055, -0.8644199, -0.7572312, -1.1844066, -1.725795, -1.8954338, -1.7851448, -0.34355408, -0.9249367, -0.52721566, -0.56342834, -0.6167098, -0.5530028, -0.7806588, -0.5743333, -0.5098545, -0.49761075, -0.6405819, -0.616677, -0.75086427, -0.80616784, -0.86379045, -0.96807206, -1.0433255, -1.158822, -1.2653719, -1.368756, -1.4494181, -1.5569271, -1.6312785, -1.7092556, -1.7835027, -1.830887, -1.883937, -1.922688, -1.9507746, -1.9744984, -1.992997, -2.0046701, -2.0200624, -2.0351195, -2.0466738]",[3.5809062 2.7792897 2.9963713 ... 2.2037466 3.0495133 0.986577 ]
-2.12731,1.2742334053702546,3.048066881624474,1.8897467253971594,"[0.07994558, -0.57207024, -0.8154681, -0.42680195, -0.40999052, -0.26320606, -0.39872465, -0.32505473, -0.5467178, -0.3982664, -0.6169824, -0.5932123, -0.65635943, -0.7624286, -0.7753016, -0.94534355, -0.92577404, -1.0625539, -1.0992186, -1.1865851, -1.2735064, -1.3032967, -1.3987176, -1.4121274, -1.4723903, -1.4963909, -1.5304211, -1.5653555, -1.590316, -1.6326289, -1.6639693, -1.7108165, -1.749922, -1.7968032, -1.8414156, -1.8857797, -1.9307789, -1.9713842, -2.013699, -2.0516477, -2.0905983, -2.1273124]",[3.21631   2.6848588 2.6122181 ... 2.9483874 2.7829728 1.400421 ]
0.0093,1.2926593957943262,3.1826018415837676,1.6972309189135901,"[-0.6248015, -0.8377971, -1.6799196, -1.9816966, -1.6548421, -0.9917863, -0.31472227, -0.54262716, -0.38497338, -0.12763713, -0.20555814, -0.2914386, 0.100611, 0.17130283, 0.026241027, 0.086943224, 0.25786364, 0.18270631, 0.08537923, 0.1667592, 0.18823704, 0.057154093, -0.013429921, -0.04824823, -0.10422695, -0.08567375, -0.11242585, -0.1311865, -0.09036459, -0.06938271, -0.06520289, -0.06589672, -0.044994004, -0.04256649, -0.03911315, -0.029723082, -0.024977578, -0.021084923, -0.01289081, -0.0065692645, -0.0026215008, 0.009301234]",[3.364845   2.6874921  2.6556716  ... 3.2431617  3.1484447  0.32007194]
0.74263,1.2988661020479524,3.210089065671689,1.7040339057905587,"[-0.53986835, -1.1419592, -1.768623, -2.1427853, -1.7859919, -1.4091834, -1.3234004, -1.5536373, -1.9264337, -1.5100884, -1.3952708, -1.5914404, -1.7075812, -1.6199255, -1.438633, -1.3629156, -1.3210388, -1.3248761, -1.2538003, -1.0365912, -0.98345363, -0.9656941, -0.89125186, -0.75617594, -0.6487172, -0.56934875, -0.48862424, -0.4348633, -0.31940597, -0.21252412, -0.12910159, -0.045033596, 0.0710985, 0.17724739, 0.26770154, 0.33813936, 0.38266394, 0.43736875, 0.5025546, 0.5703092, 0.65335053, 0.74263114]",[3.219299   2.8712568  2.9806478  ... 2.9252965  3.105204   0.62299746]
-0.71878,1.2572730457349832,2.9816920576386714,1.8233944606735049,"[-0.8031125, -1.1170402, -1.2919505, -1.4336838, -1.6398964, -1.5762044, -1.3367257, -1.1134337, -1.3043199, -1.2169623, -1.0800557, -1.1123327, -1.1208596, -1.0814105, -1.0354762, -0.99193096, -1.0094211, -0.9392606, -0.94604903, -0.93887615, -0.92194504, -0.9190798, -0.9177572, -0.90488476, -0.9019128, -0.88627213, -0.88048136, -0.8653399, -0.8542991, -0.84339565, -0.83204365, -0.8203467, -0.81130314, -0.7997809, -0.7906776, -0.7799452, -0.77024466, -0.7599082, -0.74976385, -0.7393922, -0.7293174, -0.7187804]",[3.670665  2.812817  2.8036532 ... 3.3325474 3.347687  0.6126399]
-0.93135,1.2880787121224602,3.1713546048877372,1.7291775828887972,"[-0.9890958, -1.394177, -2.0743413, -2.7003946, -2.9382975, -1.9181681, -1.5680907, -1.7989358, -2.104668, -2.044554, -1.8316603, -1.7875094, -1.9516928, -2.106386, -2.0635848, -1.8161752, -1.7314177, -1.751012, -1.7441345, -1.6472607, -1.5337368, -1.4768287, -1.4877199, -1.492582, -1.4511081, -1.3791057, -1.3532044, -1.3460379, -1.3239894, -1.2778004, -1.2284535, -1.1929207, -1.1732469, -1.1487044, -1.11352, -1.0762515, -1.0524927, -1.0331038, -1.0101358, -0.9822474, -0.9548272, -0.93135273]",[3.4567304  2.9222884  2.5427954  ... 2.7679186  3.4894607  0.44427967]
-0.00716,1.3010560422748,3.1810987885591264,1.7449748673907692,"[-0.46789512, -0.7805575, -0.94965273, -0.2652642, -0.19267468, -0.8157217, -0.7847655, -0.18142408, -1.0322256, -1.0909474, -0.5250083, -0.6613, -1.1317364, -0.72941923, -0.39567414, -0.9002291, -0.8326255, -0.22310264, -0.5206443, -0.7844336, -0.29561684, -0.18438789, -0.5648741, -0.40040046, 0.022145845, -0.3142971, -0.4554886, -0.04097487, -0.096473604, -0.344286, -0.2088484, 0.048249967, -0.26314232, -0.31726983, -0.008025493, -0.11283884, -0.29903838, -0.16121694, -0.023306837, -0.25232932, -0.24760024, -0.0071598412]",[3.6433399  2.6112273  2.8594298  ... 2.1968615  3.2855923  0.48945865]
-1.50288,1.2490254628545394,2.9816049061385073,1.7302329119415705,"[-0.9272817, -0.31698018, -0.53481054, -1.2440968, -0.7170952, -0.4860246, -0.83878326, -1.2085532, -1.0048171, -0.9718589, -0.8611475, -0.8657094, -1.1371613, -1.0369556, -0.91454786, -0.8875973, -0.99033695, -1.0578309, -1.0218714, -1.0130594, -1.0295242, -1.1407584, -1.1864231, -1.1564357, -1.1587175, -1.1784923, -1.2210938, -1.2258612, -1.2142788, -1.2302399, -1.2731907, -1.3168023, -1.3342066, -1.3494112, -1.3768616, -1.4076359, -1.4268817, -1.4318411, -1.4406267, -1.4607267, -1.4842706, -1.5028795]",[3.7389555  2.8684394  2.8021088  ... 3.007693   3.2893898  0.79190075]
-0.8917,1.2285922092370707,2.9644956403013025,1.5337147974924976,"[-0.63548785, -0.52013785, -0.08903929, -0.2448383, 0.43624923, 0.84287393, 0.752309, 0.65679646, 0.64681023, 0.49450943, 0.33578256, 0.16712049, 0.183765, 0.1738647, 0.14147632, 0.11164859, 0.027163807, -0.00861115, -0.019345688, -0.02697177, -0.05841533, -0.14985324, -0.2118567, -0.25561255, -0.27521524, -0.3085022, -0.3454457, -0.3859057, -0.4163106, -0.45723554, -0.5012309, -0.5515508, -0.6023518, -0.6489016, -0.6961117, -0.7415131, -0.78272307, -0.8172341, -0.8440708, -0.8655984, -0.88163936, -0.8916992]",[3.6266713 2.5889018 2.7760108 ... 2.2132466 3.3006568 0.8158501]
-0.78615,1.2223054136292835,2.916955437094055,1.5443826086946963,"[-0.8091487, -0.80866617, -1.137996, -1.1630591, -0.45716366, -0.7509307, -0.6481628, -0.5512664, -0.6780752, -0.54358673, -0.67708755, -0.5934438, -0.61431766, -0.6900322, -0.56191397, -0.6183108, -0.60933, -0.61087257, -0.648143, -0.6181637, -0.6607042, -0.6613493, -0.659153, -0.6899626, -0.68336964, -0.6998339, -0.7014039, -0.70151263, -0.7154764, -0.71164227, -0.7202581, -0.72590315, -0.7282705, -0.73774946, -0.7406226, -0.7489727, -0.7559544, -0.7606866, -0.7689285, -0.7737926, -0.7801547, -0.78614795]",[3.6232438  2.4485228  2.960786   ... 2.9476738  2.8421638  0.21171919]
-1.42251,1.2259552371430553,2.957053629904229,1.6170697177908477,"[-1.0496347, -1.2347798, -0.72939277, -0.7537566, -0.72203296, -0.7397169, -0.99502206, -1.1667628, -0.6239334, -0.93213785, -0.84367216, -0.90050787, -0.9957463, -1.015128, -0.97094285, -1.0811117, -1.1178628, -1.1254033, -1.1688793, -1.1920139, -1.1953987, -1.2395208, -1.250629, -1.2544146, -1.272972, -1.2867879, -1.2957885, -1.3128825, -1.3222631, -1.3297377, -1.3425562, -1.352912, -1.36044, -1.369919, -1.3773192, -1.3842152, -1.3923349, -1.3991715, -1.4049995, -1.4113592, -1.417137, -1.4225107]",[3.4488802 2.6796534 2.8866577 ... 2.8256135 3.1316633 0.7362056]
-0.48456,1.2334172352718293,2.9611291787591796,1.4855999070826007,"[-1.0010849, -1.3914835, -1.7828524, -1.5620244, -1.2828001, -1.2490733, -1.6486479, -1.3231113, -1.2620401, -1.3263127, -1.2466481, -1.126888, -1.1082087, -1.1875049, -1.1273112, -1.0266736, -1.0735842, -1.0168501, -0.97109586, -0.94546044, -0.9468814, -0.9223741, -0.87272006, -0.8584913, -0.8436299, -0.79876196, -0.7831296, -0.7626686, -0.7441166, -0.7142426, -0.6933345, -0.67641276, -0.65106636, -0.6286544, -0.6132771, -0.59229934, -0.57334334, -0.5532365, -0.53728956, -0.51853704, -0.5002934, -0.4845598]",[3.5104365  2.8525934  3.0578153  ... 2.817167   3.4262145  0.77800107]
0.96563,1.285273416455429,3.1293284938556702,1.885880765512957,"[-0.24419032, -0.8468447, -1.2214104, -1.1531118, -0.4176111, -0.3520694, -0.38830626, -0.20578364, -0.38025114, -0.4045487, -0.24084751, -0.26471385, -0.35079557, -0.2541886, -0.17951965, -0.15081446, -0.10544645, -0.030301595, -0.007006429, 0.0456301, 0.096008606, 0.14671743, 0.16600792, 0.21435167, 0.2755881, 0.34290904, 0.40876603, 0.45385566, 0.49056384, 0.5237021, 0.56344014, 0.6001373, 0.6369016, 0.67505574, 0.71219695, 0.7494126, 0.78635377, 0.8231955, 0.85912234, 0.89481884, 0.9304905, 0.96563226]",[3.5801377  2.902249   2.6906617  ... 2.8100367  3.3287215  0.51525444]
-1.22714,1.2406513132298822,2.9560041491999396,1.5606957484683446,"[-0.34463775, -0.51742977, -0.8875411, -1.0426258, -1.1249448, -1.0974202, -0.39525154, -0.5686934, -0.54814005, -0.44552192, -0.53295124, -0.4782451, -0.5409943, -0.5556169, -0.630285, -0.6308089, -0.6896693, -0.727493, -0.7535768, -0.8036509, -0.827332, -0.8666576, -0.89281416, -0.9247594, -0.9487428, -0.9725974, -0.9954121, -1.012595, -1.0353413, -1.0510546, -1.0707178, -1.0867655, -1.1036931, -1.1197135, -1.1345576, -1.1500928, -1.1633735, -1.1778983, -1.1904035, -1.2034426, -1.2154727, -1.2271398]",[3.399547  2.8257341 2.7284474 ... 3.2198586 3.346776  0.7509558]
1.43331,1.2231417317281745,2.9273246115252363,1.7907903605902833,"[-1.2049526, -1.1384212, -0.9119136, -0.66179734, -0.28334352, -0.10692732, 0.026955014, 0.17967153, 0.20347987, 0.2815718, 0.2984158, 0.32661188, 0.3509011, 0.37677708, 0.37554702, 0.40618333, 0.42318425, 0.47378883, 0.5176564, 0.5613059, 0.6096614, 0.65484715, 0.70099837, 0.7465135, 0.7889228, 0.835483, 0.8796388, 0.9249503, 0.9692686, 1.011967, 1.0546544, 1.0953921, 1.1349225, 1.173392, 1.2101854, 1.2461948, 1.2806317, 1.3138036, 1.3457485, 1.3762004, 1.4054554, 1.4333076]",[3.574947  2.6508496 2.9177394 ... 3.324683  3.5887542 0.7962428]
-0.46031,1.2449450919186067,3.003374399183446,1.7270429505777136,"[-0.8867458, -1.0440505, -0.79369396, 0.26612085, 0.1143204, 0.08572477, 0.41733426, 0.58779234, 0.80193293, 0.8794101, 0.69883806, 0.90160984, 0.80251384, 0.6634418, 0.66378486, 0.6020784, 0.52209723, 0.56022763, 0.4619535, 0.4243788, 0.43404314, 0.3667638, 0.32634223, 0.31691653, 0.24719486, 0.22278959, 0.19765225, 0.13254261, 0.09784524, 0.05146679, -0.015682526, -0.046307977, -0.08975314, -0.13694462, -0.16658242, -0.22016981, -0.25757393, -0.3081016, -0.34818706, -0.3822347, -0.42047396, -0.460314]",[3.6255453 2.5580301 2.9218931 ... 3.4605615 3.1617522 0.6160319]
0.20225,1.2818009961175754,3.1598576225053905,1.7511902678278626,"[-1.1742717, -1.9666302, -2.2643056, -2.363116, -1.6154164, -0.836128, -0.39563248, 0.41455603, 0.6768594, 0.6677672, 0.75070405, 0.9184128, 1.1037521, 1.114978, 1.2014155, 1.161927, 1.0239995, 1.0856352, 1.0573424, 1.0114096, 0.9837205, 0.9619079, 0.95597184, 0.9059873, 0.88661957, 0.84413403, 0.77717555, 0.76491994, 0.7121917, 0.66908145, 0.6333735, 0.5902368, 0.5586703, 0.51356333, 0.47899634, 0.44111222, 0.39546007, 0.36710283, 0.3242344, 0.28813285, 0.2506532, 0.20225394]",[3.5899026 2.7179027 2.7652447 ... 2.5517716 3.581128  0.660348 ]
-1.33039,1.2873726635811331,3.1986368227304527,1.6790514385062687,"[-0.6123157, -0.2910437, 0.2630843, -0.54650116, -0.39407825, 0.3205179, -0.009469751, 0.18724765, 0.7243734, 0.3226242, 0.45893037, 0.37011087, 0.15293281, 0.16908544, 0.06762421, -0.020840384, -0.11324005, -0.18073985, -0.22971074, -0.2252013, -0.27759194, -0.38560203, -0.40567628, -0.50942564, -0.54870063, -0.6213841, -0.66859245, -0.7399671, -0.7944557, -0.8605448, -0.9309142, -0.95966434, -1.0420512, -1.0572426, -1.1182786, -1.1424577, -1.187766, -1.2102815, -1.2457429, -1.2730254, -1.2880414, -1.330388]",[3.6527064 2.491538  2.6736546 ... 3.1604998 3.430413  0.5445863]
-2.62924,1.2990044011796527,3.1986471006469124,1.9041818679926277,"[-1.3601195, -0.9747875, -0.98559576, -1.2473214, -1.0531591, -0.45787844, -0.33473626, -0.63149554, -0.7039167, -0.75017345, -0.6809193, -0.7247078, -0.8328179, -0.8972743, -0.8306693, -0.80340123, -0.87504315, -0.8807679, -0.95761853, -0.996416, -1.0470722, -1.1319683, -1.2054988, -1.262991, -1.3317779, -1.4009026, -1.4639806, -1.5314376, -1.5981376, -1.6699424, -1.7406783, -1.8143678, -1.8947588, -1.9753656, -2.0571373, -2.1386254, -2.219545, -2.3015504, -2.3836818, -2.4651449, -2.5469644, -2.6292357]",[3.5128696 2.7863007 2.887863  ... 3.095004  3.4856226 1.0438088]
1.49175,1.2542681350584444,3.0007256827827673,1.6641238994353749,"[-1.1299561, -1.1040858, -0.69293046, -0.5769144, 0.32028693, 1.0706365, 1.3936665, 1.6369023, 1.6355041, 1.7175, 1.5390431, 1.4148692, 1.2455788, 1.0976475, 1.129194, 1.1199293, 1.1465302, 1.1165763, 1.1630259, 1.1583567, 1.1362935, 1.150917, 1.1307821, 1.1463282, 1.1436216, 1.1722312, 1.1783817, 1.1934309, 1.2241387, 1.2350562, 1.2626007, 1.27697, 1.3048586, 1.322021, 1.3447597, 1.3701711, 1.3868388, 1.4127998, 1.4307376, 1.4543253, 1.4717664, 1.4917511]",[3.4259152  2.948874   2.619957   ... 2.9202278  3.7150393  0.49640834]
-0.31193,1.2401486322653277,2.968631011411379,1.6717746926061872,"[-0.28473023, -1.2513903, -1.3428053, -0.44252798, -0.07843237, -1.0047314, -1.233133, -1.7784115, -2.1841464, -1.9897442, -2.1617346, -2.2449613, -2.2073295, -1.9500232, -1.8356118, -1.7913057, -1.6787395, -1.6835021, -1.5790645, -1.4584616, -1.4518902, -1.3989588, -1.329572, -1.2235601, -1.1478307, -1.0852125, -1.0159233, -0.9603914, -0.87797976, -0.81611717, -0.77615637, -0.72611713, -0.677095, -0.62333786, -0.57922393, -0.5386002, -0.49744788, -0.45699915, -0.41321558, -0.3773859, -0.34462878, -0.31193197]",[3.6962237  2.5145283  2.9224985  ... 3.06797    3.345615   0.71029866]
0.92249,1.3004245473815315,3.1462676433292276,1.8402606499910426,"[0.084463075, -0.65212965, -0.7957217, -0.9152935, -0.36523136, -0.7166584, -0.41575634, -0.6835513, -0.5447226, -0.20272042, -0.39091662, -0.19244121, -0.30212304, -0.021786932, -0.07117261, 0.02082822, 0.07197385, 0.029282752, 0.23414436, 0.18094909, 0.30880445, 0.21880677, 0.3540536, 0.28858808, 0.3685083, 0.39622822, 0.41560444, 0.47287023, 0.4875937, 0.5486828, 0.5424224, 0.6123396, 0.6184465, 0.66669947, 0.6934624, 0.7344438, 0.760595, 0.7982088, 0.832517, 0.8592451, 0.89376056, 0.92249274]",[3.496401  2.951461  2.4551492 ... 2.9530091 3.0667827 1.555169 ]
-0.50676,1.2744057848451813,3.099596937844649,1.6988179313225023,"[-1.4339186, -1.4802792, -2.2277017, -1.9163976, -1.6955092, -1.4634774, -1.5202395, -1.7114393, -1.567618, -1.5614141, -1.4982568, -1.588631, -1.5291579, -1.4252547, -1.3545913, -1.2870731, -1.292193, -1.2331628, -1.1683625, -1.1188906, -1.0997174, -1.0833682, -1.0253468, -0.9825166, -0.95034504, -0.9268578, -0.89643574, -0.85303915, -0.8228147, -0.79520726, -0.77455455, -0.74244994, -0.7114761, -0.6874973, -0.66568196, -0.64308524, -0.61525667, -0.5919694, -0.571681, -0.5520859, -0.52961594, -0.50676304]",[3.553239   2.7222252  2.8355792  ... 2.1174464  3.1306374  0.90355456]
0.44055,1.2479908000011295,3.004002079146794,1.6045446900269045,"[-0.3430631, -0.37223178, -1.0200367, -0.8617047, -1.122794, -0.6659257, -0.71405697, -1.0735521, -1.3085136, -1.1643398, -1.0584141, -0.9857934, -0.9694395, -1.0008161, -0.9121902, -0.8348362, -0.8105908, -0.78460395, -0.71176094, -0.65464693, -0.57212764, -0.51388127, -0.4675976, -0.4023338, -0.3358868, -0.27926123, -0.21878378, -0.16149524, -0.113459185, -0.060606897, -0.01866722, 0.029097613, 0.08103078, 0.13484032, 0.17483127, 0.19659375, 0.20445168, 0.23298565, 0.26924485, 0.31902945, 0.3769896, 0.4405474]",[3.4385679  2.82707    2.5914462  ... 3.7451453  3.3885188  0.40828076]
-0.99936,1.3200329447066013,3.312301471663894,1.9469852848677573,"[-0.2808178, -0.85514605, -0.9848129, -0.92270803, -0.8635539, -1.1368076, -1.1878726, -0.8623293, -1.0427923, -0.95266837, -0.962706, -0.9755503, -0.94546807, -0.9353831, -0.93284386, -0.9496458, -0.9330787, -0.93267727, -0.93726504, -0.93649936, -0.94523746, -0.9482208, -0.9514104, -0.9532415, -0.9580301, -0.96157205, -0.96354294, -0.9663786, -0.96831286, -0.970862, -0.9735123, -0.9759836, -0.9782932, -0.9806323, -0.9832096, -0.98561424, -0.98803324, -0.99035984, -0.9926285, -0.99490875, -0.9971548, -0.9993585]",[3.1667337 2.9846144 2.7881744 ... 2.4858878 3.4070306 1.6453474]
0.38791,1.222681551974389,2.9303119755227214,1.678247264111546,"[-0.69703025, -1.09907, -1.2037072, -1.2730755, -0.72494537, -0.14252567, -0.21604457, -0.27979258, 0.074689105, 0.218518, 0.1963173, 0.26873568, 0.38196725, 0.44048324, 0.37251312, 0.37037182, 0.42015526, 0.38307947, 0.39980903, 0.41311377, 0.41815048, 0.4224324, 0.4085416, 0.42523226, 0.41989878, 0.41098127, 0.42095846, 0.41234395, 0.4146511, 0.41141808, 0.40761432, 0.41091895, 0.40292868, 0.403921, 0.40228665, 0.39744735, 0.39850807, 0.39375514, 0.3931402, 0.39128688, 0.38768423, 0.38790584]",[3.616673   2.8592877  2.9393055  ... 3.001425   3.5769107  0.56189114]
-0.83274,1.2569548377671276,3.084178509466167,1.6224758802063661,"[-1.6326363, -2.306318, -2.30412, -1.5405934, -1.5059928, -1.433594, -1.8443735, -1.8019931, -1.2891064, -1.5714833, -1.5310687, -1.3311728, -1.307938, -1.3418686, -1.4019414, -1.348316, -1.1869521, -1.2945551, -1.2907639, -1.1965137, -1.1740621, -1.174974, -1.1703458, -1.1281575, -1.0694401, -1.0932322, -1.0804329, -1.0322915, -1.016813, -1.0117615, -0.9988177, -0.97331625, -0.9479497, -0.9473892, -0.93359774, -0.9072793, -0.8944411, -0.8856673, -0.8720961, -0.8549234, -0.8400266, -0.8327419]",[3.4005642 2.8632534 2.797894  ... 2.6992018 3.0473926 0.4171178]
1.16167,1.2652456614546244,3.12648705871044,1.7243425194461193,"[-1.9197803, -2.7525659, -2.2671003, -1.4933171, -0.49577683, -0.7192217, -0.5354751, 0.040876597, -0.38979915, -0.15428734, -0.27527505, -0.3288836, 0.41300347, 0.31185207, 0.21132372, 0.4918815, 0.2900547, 0.41003945, 0.41231427, 0.29525837, 0.46675077, 0.45882374, 0.51251614, 0.56926894, 0.573479, 0.6201975, 0.63493794, 0.6653635, 0.72391707, 0.74935424, 0.79913473, 0.8332855, 0.8657332, 0.89988506, 0.9312113, 0.9670901, 1.0043416, 1.0372095, 1.0726316, 1.1026626, 1.132896, 1.1616712]","[ 3.496253    3.1902194   2.7848308  ...  2.7574103   2.9148915
 -0.06164946]"
-1.87144,1.2463414766894687,3.04959017925773,1.5324326423505665,"[-0.7140401, -0.78483325, -0.6895751, -0.7804154, -0.3949529, -0.14322191, -0.448811, -0.48497415, -0.7420324, -0.78749454, -0.819535, -1.0011705, -1.1133978, -1.088985, -1.193052, -1.2534269, -1.3018054, -1.3918171, -1.4178458, -1.4561564, -1.5363842, -1.5588468, -1.5892656, -1.6385365, -1.6554973, -1.6873922, -1.71977, -1.7284254, -1.7542491, -1.7767237, -1.7835376, -1.8023087, -1.8153024, -1.8210781, -1.8353467, -1.8423414, -1.8464088, -1.8564447, -1.8602256, -1.8633868, -1.8698077, -1.8714406]",[3.3190725  2.9439178  2.8831372  ... 2.9986246  3.3124273  0.19976702]
0.96968,1.2660384026293083,3.0626807979165593,1.5922567573143778,"[-1.206588, -1.4163113, -1.0956236, -0.22937782, 0.012184482, 0.3477254, 0.12736495, -0.12899739, 0.05179657, -0.09380236, -0.1086656, -0.06418322, 0.078604504, 0.27386743, 0.25676593, 0.18797775, 0.2429332, 0.23696174, 0.20612578, 0.1701316, 0.18743701, 0.24515411, 0.2774337, 0.30921337, 0.34966263, 0.38874543, 0.42713305, 0.45056757, 0.47282732, 0.51256984, 0.5518312, 0.5873542, 0.6241729, 0.66463196, 0.70761526, 0.7454105, 0.77893823, 0.8155874, 0.8544504, 0.89210993, 0.9300037, 0.9696808]",[3.31905   2.6951668 2.7721598 ... 3.0081367 3.0274417 1.0003375]
-2.52013,1.2645224370145316,3.0768805659969165,1.763286073772244,"[-1.3188494, -1.3070793, -1.6455636, -1.0198648, -0.7022597, -0.57015014, -0.1710691, 0.770569, 0.5962363, 0.6616204, 0.62156004, 0.30430046, 0.31629315, 0.4585851, 0.5202635, 0.65623087, 0.5860601, 0.45383635, 0.42426115, 0.29022998, 0.17085418, 0.048761755, 0.040485844, -0.033201702, -0.13911796, -0.19770193, -0.31254095, -0.43298525, -0.5508426, -0.6851178, -0.8167678, -0.9900742, -1.1448725, -1.3081433, -1.4865493, -1.6405395, -1.8130648, -1.9694268, -2.1176877, -2.2769728, -2.4044151, -2.5201263]",[3.5341568  2.6712573  2.9582784  ... 3.0064573  3.1731386  0.77345544]
0.72007,1.2149690895934773,2.914766272304266,1.3741522662057597,"[-0.03410742, 0.17104866, -0.49335986, -0.94176096, -0.88288623, -0.6288858, -1.1741675, -1.8482108, -1.5813907, -1.7285149, -1.6008223, -1.5267466, -1.595754, -1.4462812, -1.2872399, -1.1943202, -1.0968716, -1.0348516, -0.9116279, -0.7982135, -0.6998629, -0.60657114, -0.5203582, -0.4340123, -0.34916803, -0.27686933, -0.20843774, -0.14440042, -0.09094943, -0.04154549, 0.008529663, 0.0681924, 0.14730632, 0.24758291, 0.32193503, 0.38616064, 0.43108228, 0.45629045, 0.5158686, 0.5766024, 0.6428516, 0.7200705]",[3.3947217 2.924781  2.6066084 ... 3.5310135 3.0679464 0.7663597]
0.06701,1.2939598286413172,3.169890448460265,1.9396415227524215,"[0.061216503, 0.258637, 0.20154949, 0.8855449, 1.3092005, 1.6688324, 2.046849, 1.9533126, 1.9523922, 1.7695448, 1.632697, 1.4964215, 1.5213217, 1.4756926, 1.3874148, 1.3966902, 1.3241701, 1.2654579, 1.1882497, 1.1409477, 1.0752456, 1.020527, 0.98084664, 0.9217323, 0.8799468, 0.8257561, 0.77878594, 0.7263527, 0.6790521, 0.6327777, 0.58427775, 0.5420388, 0.4956126, 0.452117, 0.40610623, 0.36133036, 0.3155184, 0.2704826, 0.22564372, 0.17575611, 0.12389611, 0.06700665]",[3.3732831 2.9747758 2.8496792 ... 3.2310858 3.4471235 1.3721765]
0.39278,1.266774058068992,3.0540945488203493,1.64972703671033,"[-0.60263443, -1.7091027, -2.0422854, -1.9907038, -1.2482055, -0.80491966, -1.4098711, -1.2763717, -0.4583221, -0.20319876, -0.04155944, 0.14861567, 0.06475007, 0.2884424, 0.46859694, 0.32184404, 0.25279927, 0.3246928, 0.326512, 0.39406055, 0.40122822, 0.37028012, 0.38212073, 0.4637013, 0.46855474, 0.4171181, 0.42326462, 0.43373096, 0.4428064, 0.43903732, 0.42144546, 0.4116998, 0.42547703, 0.4368012, 0.4191969, 0.40825102, 0.41071373, 0.41347718, 0.41045004, 0.40127143, 0.39374712, 0.39278316]",[3.5231318 2.4157236 2.7347336 ... 2.9801543 2.4549286 1.201514 ]
0.38916,1.2401074898575144,2.988987450633935,1.471690665688654,"[-1.2450253, -0.63270247, 0.5438018, 0.2710961, -0.21608473, 0.11594419, 0.41996366, 0.79952955, 0.13109669, 0.26873842, 0.20513342, 0.33934167, 0.44637233, 0.21304789, 0.29276127, 0.30974713, 0.27861997, 0.30302927, 0.16146268, 0.24945809, 0.24403822, 0.23316076, 0.2424842, 0.24142699, 0.28230688, 0.29845563, 0.29549548, 0.30975568, 0.30141252, 0.3360598, 0.33069584, 0.33347565, 0.34582826, 0.35007572, 0.369302, 0.36798277, 0.3704257, 0.37983418, 0.37873575, 0.39020622, 0.385584, 0.38915956]",[3.524685  2.7968073 2.9188783 ... 2.320687  3.3540578 0.7353806]
1.32496,1.28137410031574,3.130730188609654,1.9579180595232784,"[-0.6226508, -0.76148856, -0.7996287, -0.90079504, -0.47568235, -0.096139885, 0.042955965, 0.10239506, -0.48698136, -0.49732998, -0.2730745, -0.37042856, -0.14859894, -0.21247569, -0.26209313, -0.20358317, -0.16814247, -0.066231415, -0.1385143, -0.086519524, 0.015884914, 0.004458772, 0.13937818, 0.14259903, 0.16561632, 0.19632916, 0.21687531, 0.2746119, 0.29290643, 0.3811184, 0.4577573, 0.5271626, 0.6208702, 0.68463373, 0.75736713, 0.82802266, 0.9001717, 0.9766073, 1.054312, 1.148882, 1.2348113, 1.3249614]",[3.3614151 2.8842077 2.8819194 ... 2.7456903 3.6872509 1.006581 ]
